100
0,00 0 0
45,45 0 0
90,91 0 0
136,36 0 0
181,82 0 0
227,27 0 0
272,73 0 0
318,18 0 0
363,64 0 0
409,09 0 0
454,55 0 0
500,00 0 0
545,45 0 0
590,91 0 0
636,36 0 0
681,82 0 0
727,27 0 0
772,73 0 0
818,18 0 0
863,64 0 0
909,09 0 0
954,55 0 0
1 000,00 0 0
1 045,45 0 0
1 090,91 0 0
1 136,36 0 0
1 181,82 0 0
1 227,27 0 0
1 272,73 0 0
1 318,18 0 0
1 363,64 0 0
1 409,09 0 0
1 454,55 0 0
1 500,00 0 0
1 545,45 0 0
1 590,91 0 0
1 636,36 0 0
1 681,82 0 0
1 727,27 0 0
1 772,73 0 0
1 818,18 0 0
1 863,64 0 0
1 909,09 0 0
1 954,55 0 0
2 000,00 0 0
2 045,45 0 0
2 090,91 0 0
2 136,36 0 0
2 181,82 0 0
2 227,27 0 0
2 272,73 0 0
2 318,18 0 0
2 363,64 0 0
2 409,09 0 0
2 454,55 0 0
2 500,00 0 0
2 545,45 0 0
2 590,91 0 0
2 636,36 0 0
2 681,82 0 0
2 727,27 0 0
2 772,73 0 0
2 818,18 0 0
2 863,64 0 0
2 909,09 0 0
2 954,55 0 0
3 000,00 0 0
3 045,45 0 0
3 090,91 0 0
3 136,36 0 0
3 181,82 0 0
3 227,27 0 0
3 272,73 0 0
3 318,18 0 0
3 363,64 0 0
3 409,09 0 0
3 454,55 0 0
3 500,00 0 0
3 545,45 0 0
3 590,91 0 0
3 636,36 0 0
3 681,82 0 0
3 727,27 0 0
3 772,73 0 0
3 818,18 0 0
3 863,64 0 0
3 909,09 0 0
3 954,55 0 0
4 000,00 0 0
4 045,45 0 0
4 090,91 0 0
4 136,36 0 0
4 181,82 0 0
4 227,27 0 0
4 272,73 0 0
4 318,18 0 0
4 363,64 0 0
4 409,09 0 0
4 454,55 0 0
4 500,00 0 0
